0 0.993172 0.697643 0.013656 0.018437
0 0.461203 0.042466 0.017422 0.014742
0 0.639516 0.309402 0.028828 0.022120
0 0.415199 0.250408 0.016148 0.016223
0 0.501715 0.489694 0.039008 0.028764
0 0.395504 0.476420 0.022477 0.019905
0 0.241168 0.554219 0.040273 0.028030
0 0.364977 0.325999 0.017391 0.018437
0 0.511254 0.205802 0.025867 0.019918
0 0.823582 0.346379 0.010602 0.011671
0 0.656055 0.763635 0.043250 0.028030
0 0.913844 0.965313 0.031375 0.031712
0 0.731523 0.097758 0.013563 0.016168
0 0.763516 0.076746 0.014031 0.011073
0 0.846180 0.205061 0.016547 0.018438
0 0.734277 0.310510 0.020773 0.015476
0 0.727473 0.501861 0.021664 0.017690
0 0.840488 0.558641 0.026289 0.023587
0 0.909996 0.473505 0.022961 0.018478
0 0.878652 0.644178 0.027133 0.023601
0 0.832840 0.776175 0.018695 0.019171
0 0.942652 0.785761 0.030570 0.026549
