0 0.566102 0.311916 0.019547 0.016957
0 0.612125 0.186556 0.018234 0.014008
0 0.870953 0.748811 0.022937 0.023601
0 0.838965 0.448329 0.022477 0.016957
0 0.785754 0.484830 0.027133 0.019171
0 0.795078 0.340666 0.022047 0.016957
0 0.710281 0.299008 0.018656 0.016223
0 0.657047 0.024327 0.016578 0.012541
0 0.490012 0.109497 0.017383 0.017690
0 0.550410 0.104341 0.015305 0.013274
0 0.617191 0.092534 0.014883 0.013274
0 0.423020 0.887079 0.032648 0.028750
0 0.460969 0.657751 0.028828 0.024334
0 0.507609 0.168492 0.016953 0.014755
0 0.475598 0.325550 0.019930 0.017704
