0 0.943230 0.790053 0.035039 0.035160
0 0.866512 0.525891 0.028445 0.028032
0 0.796148 0.319461 0.025453 0.020386
0 0.421844 0.441789 0.040422 0.035678
0 0.575309 0.293976 0.035930 0.025479
0 0.654285 0.224535 0.021711 0.016569
0 0.722035 0.388910 0.028445 0.016569
0 0.786789 0.433504 0.017219 0.016556
0 0.401895 0.043697 0.019758 0.016809
0 0.499078 0.161822 0.020844 0.014149
0 0.603340 0.034402 0.022352 0.019468
0 0.710168 0.111383 0.016633 0.015931
0 0.682094 0.062719 0.013516 0.014162
0 0.738477 0.241902 0.019281 0.013271
