0 0.178777 0.847879 0.053898 0.035678
0 0.289945 0.363677 0.032188 0.022939
0 0.501758 0.378969 0.033609 0.025492
0 0.583355 0.803285 0.029273 0.028032
0 0.929957 0.591124 0.024773 0.019109
0 0.938938 0.833863 0.030766 0.025492
0 0.753664 0.505120 0.034359 0.028032
0 0.627898 0.361769 0.019391 0.014016
0 0.607723 0.182101 0.023961 0.019122
0 0.675094 0.203763 0.016469 0.019122
0 0.504418 0.105013 0.020961 0.020399
0 0.635008 0.048956 0.023281 0.017859
0 0.710242 0.110106 0.016547 0.012739
0 0.695684 0.071882 0.012727 0.007646
0 0.402145 0.002906 0.018195 0.005811
