0 0.096258 0.036338 0.008859 0.012812
0 0.147664 0.067065 0.013031 0.016223
0 0.382117 0.580183 0.027703 0.020992
0 0.209883 0.937874 0.035922 0.023546
0 0.165422 0.317493 0.022969 0.017921
0 0.215906 0.164640 0.018578 0.015367
0 0.308801 0.444490 0.024180 0.020992
0 0.167922 0.590686 0.030328 0.020476
0 0.268770 0.503118 0.029445 0.020476
0 0.308375 0.648295 0.032094 0.020992
0 0.249336 0.322874 0.024734 0.017405
0 0.135535 0.146202 0.020320 0.012296
0 0.235484 0.720754 0.017109 0.026617
0 0.209719 0.246060 0.020937 0.015353
