0 0.707109 0.776562 0.035406 0.038234
0 0.824004 0.906637 0.021430 0.024416
0 0.896656 0.898145 0.034859 0.024416
0 0.904902 0.733023 0.022039 0.023356
0 0.878371 0.589144 0.023805 0.018043
0 0.736109 0.523308 0.040906 0.035041
0 0.290402 0.599232 0.031133 0.021236
0 0.520582 0.493050 0.042133 0.033981
0 0.624074 0.434117 0.023195 0.022310
0 0.389008 0.313071 0.029313 0.024429
0 0.283078 0.232371 0.016484 0.018057
0 0.328562 0.168125 0.015875 0.014864
0 0.561766 0.265285 0.030594 0.020163
0 0.625902 0.289178 0.019539 0.019117
0 0.625941 0.140041 0.024414 0.014755
0 0.662867 0.050326 0.019828 0.015978
0 0.573312 0.053397 0.017312 0.014755
0 0.510773 0.116379 0.013781 0.021508
0 0.406367 0.052167 0.024734 0.017215
