0 0.901980 0.751039 0.022898 0.021236
0 0.508797 0.147106 0.023203 0.015924
0 0.453945 0.075054 0.014047 0.012065
0 0.156332 0.839090 0.051898 0.036277
0 0.541242 0.949253 0.052406 0.030082
0 0.747559 0.771399 0.045789 0.028315
0 0.958711 0.903682 0.020359 0.025652
0 0.896676 0.562160 0.025914 0.026630
0 0.944227 0.522996 0.019734 0.014851
0 0.844406 0.595190 0.022672 0.019973
0 0.792590 0.522738 0.023852 0.014334
0 0.733844 0.454117 0.022969 0.012283
0 0.819676 0.449762 0.019727 0.016889
0 0.686000 0.376019 0.034453 0.026114
