0 0.933687 0.850041 0.037859 0.027609
0 0.768227 0.948791 0.056172 0.038234
0 0.497441 0.844205 0.051898 0.035041
0 0.609176 0.604755 0.028695 0.025489
0 0.858895 0.731644 0.031133 0.030788
0 0.735563 0.430611 0.032359 0.031848
0 0.595742 0.438050 0.026250 0.023356
0 0.623828 0.373274 0.025031 0.019103
0 0.514223 0.304063 0.046289 0.020408
0 0.589883 0.181189 0.025438 0.023899
0 0.786766 0.221889 0.022437 0.016821
0 0.522719 0.060401 0.023406 0.017704
0 0.675363 0.135618 0.019336 0.015938
0 0.687801 0.090048 0.016836 0.013274
0 0.713012 0.065265 0.016289 0.015041
0 0.664676 0.044035 0.020352 0.022120
