0 0.950961 0.640312 0.028219 0.033641
0 0.903043 0.792452 0.032617 0.025992
0 0.808574 0.581447 0.028133 0.032106
0 0.885461 0.539395 0.027344 0.024470
0 0.467441 0.650251 0.035164 0.035177
0 0.317492 0.732052 0.034375 0.027527
0 0.692477 0.456821 0.040531 0.027527
0 0.561473 0.485876 0.031742 0.030584
0 0.544813 0.305448 0.026375 0.024457
0 0.487227 0.268750 0.032531 0.030571
0 0.594883 0.249633 0.028219 0.022935
0 0.742148 0.259579 0.020313 0.018342
0 0.397074 0.079124 0.023320 0.019171
0 0.624336 0.161705 0.022469 0.019171
0 0.697055 0.109355 0.015266 0.013274
0 0.716957 0.152120 0.017852 0.016223
0 0.675852 0.057364 0.015266 0.015489
